0000   0e 1f c6 9b e4 de 60 76 88 40 2f d1 08 00 45 00
0010   05 34 00 00 40 00 ff 11 22 7e a9 fe 00 32 a9 fe
0020   00 0c 09 40 09 40 05 20 00 00 15 00 11 40 00 0d
0030   2e 92 00 00 00 fd 2c ab e2 88 10 02 00 01 80 a3
0040   03 e9 00 00 00 07 80 a4 03 e5 00 00 00 03 80 a4
0050   03 e4 00 00 00 05 80 a3 03 e0 00 00 00 01 80 a2
0060   03 df 00 00 00 06 80 a2 03 de 00 00 00 02 80 a2
0070   03 da 00 00 00 04 80 a3 03 d9 00 00 00 00 80 a5
0080   03 d7 00 00 00 07 80 a5 03 d4 00 00 00 03 80 a4
0090   03 d3 00 00 00 05 80 a4 03 cf 00 00 00 01 80 a3
00a0   03 cd 00 00 00 06 80 a3 03 cc 00 00 00 02 80 a3
00b0   03 c9 00 00 00 04 80 a4 03 c7 00 00 00 00 80 a5
00c0   03 c6 00 00 00 07 80 a4 03 c2 00 00 00 03 80 a3
00d0   03 c1 00 00 00 05 80 a2 03 be 00 00 00 01 80 a3
00e0   03 bc 00 00 00 06 80 a4 03 bb 00 00 00 02 80 a5
00f0   03 b8 00 00 00 04 80 a5 03 b6 00 00 00 00 80 a5
0100   03 b5 00 00 00 07 80 a3 03 b2 00 00 00 03 80 a3
0110   03 ae 00 00 00 05 80 a3 03 ad 00 00 00 01 80 a5
0120   03 ab 00 00 00 06 80 a6 03 a8 00 00 00 02 80 a6
0130   03 a7 00 00 00 04 80 a4 03 a5 00 00 00 00 80 a1
0140   03 a2 00 00 00 07 80 a0 03 a0 00 00 00 03 80 a0
0150   03 9e 00 00 00 05 80 9f 03 9c 00 00 00 01 80 a1
0160   03 9a 00 00 00 06 80 a3 03 97 00 00 00 02 80 a3
0170   03 96 00 00 00 04 80 a2 03 94 00 00 00 00 80 a1
0180   03 91 00 00 00 07 80 a1 03 90 00 00 00 03 80 a1
0190   03 8d 00 00 00 05 80 a3 03 8b 00 00 00 01 80 a3
01a0   03 89 00 00 00 06 80 a3 03 86 00 00 00 02 80 a1
01b0   03 85 00 00 00 04 80 a0 03 83 00 00 00 00 80 a2
01c0   03 80 00 00 00 07 80 a2 03 7d 00 00 00 03 80 a3
01d0   03 7c 00 00 00 05 80 a3 03 7a 00 00 00 01 80 a3
01e0   03 77 00 00 00 06 80 a2 03 75 00 00 00 02 80 a0
01f0   03 74 00 00 00 04 80 a1 03 71 00 00 00 00 80 a2
0200   03 6f 00 00 00 07 80 a4 03 6c 00 00 00 03 80 a4
0210   03 6b 00 00 00 05 80 a6 03 69 00 00 00 01 80 a3
0220   03 66 00 00 00 06 80 a2 03 65 00 00 00 02 80 a2
0230   03 63 00 00 00 04 80 a3 03 60 00 00 00 00 80 a4
0240   03 5f 00 00 00 07 80 a6 03 5b 00 00 00 03 80 a5
0250   03 5a 00 00 00 05 80 a5 03 58 00 00 00 01 80 a3
0260   03 56 00 00 00 06 80 a4 03 54 00 00 00 02 80 a4
0270   03 52 00 00 00 04 80 a5 03 50 00 00 00 00 80 a6
0280   03 4d 00 00 00 07 80 a5 03 4b 00 00 00 03 80 a3
0290   03 49 00 00 00 05 80 a2 03 48 00 00 00 01 80 a2
02a0   03 45 00 00 00 06 80 a2 03 43 00 00 00 02 80 a3
02b0   03 42 00 00 00 04 80 a5 03 3f 00 00 00 00 80 a5
02c0   03 3c 00 00 00 07 80 a3 03 3a 00 00 00 03 80 a3
02d0   03 39 00 00 00 05 80 a1 03 36 00 00 00 01 80 a2
02e0   03 34 00 00 00 06 80 a3 03 33 00 00 00 02 80 a3
02f0   03 30 00 00 00 04 80 a4 03 2e 00 00 00 00 80 a2
0300   03 2b 00 00 00 07 80 a0 03 2a 00 00 00 03 80 a0
0310   03 28 00 00 00 05 80 a0 03 25 00 00 00 01 80 a2
0320   03 24 00 00 00 06 80 a2 03 22 00 00 00 02 80 a3
0330   03 1f 00 00 00 04 80 a3 03 1e 00 00 00 00 80 a2
0340   03 1b 00 00 00 07 80 a1 03 19 00 00 00 03 80 a1
0350   03 18 00 00 00 05 80 a3 03 15 00 00 00 01 80 a4
0360   03 14 00 00 00 06 80 a4 03 12 00 00 00 02 80 a3
0370   03 0f 00 00 00 04 80 a2 03 0c 00 00 00 00 80 a1
0380   03 0b 00 00 00 07 80 a3 03 0a 00 00 00 03 80 a3
0390   03 06 00 00 00 05 80 a4 03 05 00 00 00 01 80 a6
03a0   03 03 00 00 00 06 80 a3 03 00 00 00 00 02 80 a2
03b0   02 ff 00 00 00 04 80 a0 02 fd 00 00 00 00 80 9f
03c0   02 fb 00 00 00 07 80 9f 02 f9 00 00 00 03 80 a2
03d0   02 f6 00 00 00 05 80 a3 02 f5 00 00 00 01 80 a3
03e0   02 f3 00 00 00 06 80 a0 02 f0 00 00 00 02 80 a2
03f0   02 ef 00 00 00 04 80 a2 02 ec 00 00 00 00 80 a2
0400   02 eb 00 00 00 07 80 a3 02 e9 00 00 00 03 80 a4
0410   02 e6 00 00 00 05 80 a2 02 e5 00 00 00 01 80 a1
0420   02 e3 00 00 00 06 80 9f 02 e0 00 00 00 02 80 9f
0430   02 de 00 00 00 04 80 9f 02 dc 00 00 00 00 80 a2
0440   02 da 00 00 00 07 80 a3 02 d8 00 00 00 03 80 a3
0450   02 d6 00 00 00 05 80 a1 02 d5 00 00 00 01 80 a2
0460   02 d2 00 00 00 06 80 a2 02 d0 00 00 00 02 80 a3
0470   02 cd 00 00 00 04 80 a4 02 cc 00 00 00 00 80 a5
0480   02 ca 00 00 00 07 80 a4 02 c7 00 00 00 03 80 a3
0490   02 c6 00 00 00 05 80 a1 02 c5 00 00 00 01 80 a2
04a0   02 c2 00 00 00 06 80 a3 02 c1 00 00 00 02 80 a5
04b0   02 be 00 00 00 04 80 a6 02 bc 00 00 00 00 80 a6
04c0   02 bb 00 00 00 07 80 a4 02 b8 00 00 00 03 80 a3
04d0   02 b7 00 00 00 05 80 a4 02 b5 00 00 00 01 80 a4
04e0   02 b2 00 00 00 06 80 a7 02 b1 00 00 00 02 80 a8
04f0   02 ae 00 00 00 04 80 a8 02 ac 00 00 00 00 80 a5
0500   02 a9 00 00 00 07 80 a3 02 a8 00 00 00 03 80 a3
0510   02 a7 00 00 00 05 80 a3 02 a5 00 00 00 01 80 a4
0520   02 a3 00 00 00 06 80 a5 02 a2 00 00 00 02 80 a5
0530   02 9e 00 00 00 04 80 a5 02 9d 00 00 00 00 bf 28
0540   92 18
