0000   0e 1f c6 9b e4 de 60 76 88 40 2f d1 08 00 45 00
0010   05 34 00 00 40 00 ff 11 22 7e a9 fe 00 32 a9 fe
0020   00 0c 09 40 09 40 05 20 00 00 15 00 11 40 00 01
0030   32 71 00 00 00 15 20 dd 8d 98 10 02 00 01 00 00
0040   17 69 00 00 00 00 00 00 17 69 00 00 00 04 00 00
0050   17 69 00 00 00 02 00 00 17 69 00 00 00 06 00 00
0060   17 69 00 00 00 01 00 00 17 69 00 00 00 05 00 00
0070   17 69 00 00 00 03 00 00 17 69 00 00 00 07 00 00
0080   17 69 00 00 00 00 00 00 17 69 00 00 00 04 00 00
0090   17 69 00 00 00 02 00 00 17 69 00 00 00 06 00 00
00a0   17 69 00 00 00 01 00 00 17 69 00 00 00 05 00 00
00b0   17 69 00 00 00 03 00 00 17 69 00 00 00 07 00 00
00c0   17 69 00 00 00 00 00 00 17 69 00 00 00 04 00 00
00d0   17 69 00 00 00 02 00 00 17 69 00 00 00 06 00 00
00e0   17 69 00 00 00 01 00 00 17 69 00 00 00 05 00 00
00f0   17 69 00 00 00 03 00 00 17 69 00 00 00 07 00 00
0100   17 69 00 00 00 00 00 00 17 69 00 00 00 04 00 00
0110   17 69 00 00 00 02 00 00 17 69 00 00 00 06 00 00
0120   17 69 00 00 00 01 00 00 17 69 00 00 00 05 00 00
0130   17 69 00 00 00 03 00 00 17 69 00 00 00 07 00 00
0140   17 69 00 00 00 00 00 00 17 69 00 00 00 04 00 00
0150   17 69 00 00 00 02 00 00 17 69 00 00 00 06 00 00
0160   17 69 00 00 00 01 00 00 17 69 00 00 00 05 00 00
0170   17 69 00 00 00 03 00 00 17 69 00 00 00 07 00 00
0180   17 69 00 00 00 00 00 00 17 69 00 00 00 04 00 00
0190   17 69 00 00 00 02 00 00 17 69 00 00 00 06 00 00
01a0   17 69 00 00 00 01 00 00 17 69 00 00 00 05 00 00
01b0   17 69 00 00 00 03 00 00 17 69 00 00 00 07 00 00
01c0   17 69 00 00 00 00 00 00 17 69 00 00 00 04 00 00
01d0   17 69 00 00 00 02 00 00 17 69 00 00 00 06 00 00
01e0   17 69 00 00 00 01 00 00 17 69 00 00 00 05 00 00
01f0   17 69 00 00 00 03 00 00 17 69 00 00 00 07 00 00
0200   17 69 00 00 00 00 00 00 17 69 00 00 00 04 00 00
0210   17 69 00 00 00 02 00 00 17 69 00 00 00 06 00 00
0220   17 69 00 00 00 01 00 00 17 69 00 00 00 05 00 00
0230   17 69 00 00 00 03 00 00 17 69 00 00 00 07 00 00
0240   17 69 00 00 00 00 00 00 17 69 00 00 00 04 00 00
0250   17 69 00 00 00 02 00 00 17 69 00 00 00 06 00 00
0260   17 69 00 00 00 01 00 00 17 6a 00 00 00 05 00 00
0270   17 6a 00 00 00 03 00 00 17 6a 00 00 00 07 00 00
0280   17 6a 00 00 00 00 00 00 17 6a 00 00 00 04 00 00
0290   17 6a 00 00 00 02 00 00 17 6a 00 00 00 06 00 00
02a0   17 6a 00 00 00 01 00 00 17 6a 00 00 00 05 00 00
02b0   17 6a 00 00 00 03 00 00 17 6a 00 00 00 07 00 00
02c0   17 6a 00 00 00 00 00 00 17 6a 00 00 00 04 00 00
02d0   17 6a 00 00 00 02 00 00 17 6a 00 00 00 06 00 00
02e0   17 6a 00 00 00 01 00 00 17 6a 00 00 00 05 00 00
02f0   17 6a 00 00 00 03 00 00 17 6a 00 00 00 07 00 00
0300   17 6a 00 00 00 00 00 00 17 6a 00 00 00 04 00 00
0310   17 6a 00 00 00 02 00 00 17 6a 00 00 00 06 00 00
0320   17 6a 00 00 00 01 00 00 17 6a 00 00 00 05 00 00
0330   17 6a 00 00 00 03 00 00 17 6a 00 00 00 07 00 00
0340   17 6a 00 00 00 00 00 00 17 6a 00 00 00 04 00 00
0350   17 6a 00 00 00 02 00 00 17 6a 00 00 00 06 00 00
0360   17 6a 00 00 00 01 00 00 17 6a 00 00 00 05 00 00
0370   17 6a 00 00 00 03 00 00 17 6a 00 00 00 07 00 00
0380   17 6a 00 00 00 00 00 00 17 6a 00 00 00 04 00 00
0390   17 6a 00 00 00 02 00 00 17 6a 00 00 00 06 00 00
03a0   17 6a 00 00 00 01 00 00 17 6a 00 00 00 05 00 00
03b0   17 6a 00 00 00 03 00 00 17 6a 00 00 00 07 00 00
03c0   17 6a 00 00 00 00 00 00 17 6a 00 00 00 04 00 00
03d0   17 6a 00 00 00 02 00 00 17 6a 00 00 00 06 00 00
03e0   17 6a 00 00 00 01 00 00 17 6a 00 00 00 05 00 00
03f0   17 6a 00 00 00 03 00 00 17 6a 00 00 00 07 00 00
0400   17 6a 00 00 00 00 00 00 17 6a 00 00 00 04 00 00
0410   17 6a 00 00 00 02 00 00 17 6a 00 00 00 06 00 00
0420   17 6a 00 00 00 01 00 00 17 6a 00 00 00 05 00 00
0430   17 6a 00 00 00 03 00 00 17 6a 00 00 00 07 00 00
0440   17 6a 00 00 00 00 00 00 17 6a 00 00 00 04 00 00
0450   17 6a 00 00 00 02 00 00 17 6a 00 00 00 06 00 00
0460   17 6a 00 00 00 01 00 00 17 6a 00 00 00 05 00 00
0470   17 6a 00 00 00 03 00 00 17 6a 00 00 00 07 00 00
0480   17 6a 00 00 00 00 00 00 17 6a 00 00 00 04 00 00
0490   17 6a 00 00 00 02 00 00 17 6a 00 00 00 06 00 00
04a0   17 6a 00 00 00 01 00 00 17 6a 00 00 00 05 00 00
04b0   17 6a 00 00 00 03 00 00 17 6a 00 00 00 07 00 00
04c0   17 6a 00 00 00 00 00 00 17 6a 00 00 00 04 00 00
04d0   17 6a 00 00 00 02 00 00 17 6a 00 00 00 06 00 00
04e0   17 6a 00 00 00 01 00 00 17 6a 00 00 00 05 00 00
04f0   17 6a 00 00 00 03 00 00 17 6a 00 00 00 07 00 00
0500   17 6a 00 00 00 00 00 00 17 6a 00 00 00 04 00 00
0510   17 6a 00 00 00 02 00 00 17 6a 00 00 00 06 00 00
0520   17 6a 00 00 00 01 00 00 17 6a 00 00 00 05 00 00
0530   17 6a 00 00 00 03 00 00 17 6a 00 00 00 07 ce e6
0540   71 71
